1 5
4 11
8 10
3 5
2 12
3 10
2 13
2 12
2 12
5 16
5 17
2 12
5 15
3 5
1 6
4 14
1 2
2 12
4 14
1 2
2 13
4 14
8 10
8 10
1 8
2 12
1 1
8 10
8 10
1 8
2 13
1 1
8 10
8 10
8 10
2 13
3 2
5 17
2 13
5 15
2 12
4 14
1 9
8 10
8 10
8 10
2 12
2 12
5 17
5 16
5 17
3 10
1 3
1 9
1 7
2 13
2 12
1 4
8 10
8 10
8 10
1 7
5 15
2 12
2 13
1 4
8 10
8 10
8 10
8 10
1 2
2 13
4 14
8 10
8 10
8 10
8 10
1 6
4 14
8 10
8 10
8 10
8 10
1 2
4 14
8 10
8 10
8 10
1 3
8 10
8 10
1 3
8 10
8 10
1 6
4 14
8 10
1 3
8 10
1 6
2 12
4 14
8 10
1 2
2 13
4 14
8 10
1 3
